{
    "camera_angle_x": 0.6108652381980153,
    "frames": [
        {
            "file_path": "./train/r_121_000",
            "rotation": 0.0,
            "time": 0.0,
            "transform_matrix": [
                [
                    0.9666666666666667,
                    0.0,
                    0.25603819159562036,
                    1.651892853670317
                ],
                [
                    0.0,
                    1.0,
                    -0.0,
                    0.0
                ],
                [
                    -0.25603819159562036,
                    0.0,
                    0.9666666666666667,
                    6.236685818613974
                ],
                [
                    0.0,
                    0.0,
                    0.0,
                    1.0
                ]
            ]
        },
        {
            "file_path": "./train/r_121_001",
            "rotation": 0.0,
            "time": 0.0,
            "transform_matrix": [
                [
                    0.9417475223397208,
                    0.09902605878699783,
                    -0.32141164236553593,
                    -2.073665619184722
                ],
                [
                    -0.0,
                    0.9556701543148196,
                    0.29443939300285343,
                    1.899647572533313
                ],
                [
                    0.3363206864987599,
                    -0.27728756883964856,
                    0.9,
                    5.806569555261286
                ],
                [
                    0.0,
                    0.0,
                    0.0,
                    1.0
                ]
            ]
        },
        {
            "file_path": "./train/r_121_002",
            "rotation": 0.0,
            "time": 0.0,
            "transform_matrix": [
                [
                    0.9983227127805472,
                    0.03187979615701485,
                    0.04832638765184265,
                    0.31178947917216054
                ],
                [
                    0.0,
                    0.8347334210320805,
                    -0.5506542615944049,
                    -3.552680300943284
                ],
                [
                    -0.057894396503366266,
                    0.5497306562390953,
                    0.8333333333333334,
                    5.376453291908598
                ],
                [
                    0.0,
                    0.0,
                    0.0,
                    1.0
                ]
            ]
        },
        {
            "file_path": "./train/r_121_003",
            "rotation": 0.0,
            "time": 0.0,
            "transform_matrix": [
                [
                    0.8910022183463091,
                    -0.231325025717751,
                    0.39064533707525245,
                    2.520343690184382
                ],
                [
                    0.0,
                    0.8604542737161661,
                    0.5095276664162454,
                    3.287342039306554
                ],
                [
                    -0.4539989503313369,
                    -0.4539902810856928,
                    0.7666666666666666,
                    4.94633702855591
                ],
                [
                    0.0,
                    0.0,
                    0.0,
                    1.0
                ]
            ]
        },
        {
            "file_path": "./train/r_121_004",
            "rotation": 0.0,
            "time": 0.0,
            "transform_matrix": [
                [
                    0.7054792424564285,
                    -0.08815955932542821,
                    -0.7032260878001115,
                    -4.537034657650697
                ],
                [
                    -0.0,
                    0.9922333045018445,
                    -0.12439079321778565,
                    -0.8025375476146623
                ],
                [
                    0.7087305824240292,
                    0.08775512256783766,
                    0.7000000000000001,
                    4.516220765203222
                ],
                [
                    0.0,
                    0.0,
                    0.0,
                    1.0
                ]
            ]
        },
        {
            "file_path": "./train/r_121_005",
            "rotation": 0.0,
            "time": 0.0,
            "transform_matrix": [
                [
                    0.6962339525804131,
                    0.29815350125847256,
                    0.652964603145966,
                    4.2127604281007045
                ],
                [
                    0.0,
                    0.9096559152078767,
                    -0.4153626318379159,
                    -2.6798133471369385
                ],
                [
                    -0.7178149366475003,
                    0.2891895669187151,
                    0.6333333333333333,
                    4.086104501850534
                ],
                [
                    0.0,
                    0.0,
                    0.0,
                    1.0
                ]
            ]
        },
        {
            "file_path": "./train/r_121_006",
            "rotation": 0.0,
            "time": 0.0,
            "transform_matrix": [
                [
                    0.9355669496347184,
                    0.2810003144634088,
                    -0.21390022445676304,
                    -1.380029479104662
                ],
                [
                    -0.0,
                    0.605693335883568,
                    0.795698173220371,
                    5.133640875331585
                ],
                [
                    0.35314937739034485,
                    -0.7444289127497002,
                    0.5666666666666667,
                    3.6559882384978466
                ],
                [
                    0.0,
                    0.0,
                    0.0,
                    1.0
                ]
            ]
        },
        {
            "file_path": "./train/r_121_007",
            "rotation": 0.0,
            "time": 0.0,
            "transform_matrix": [
                [
                    0.7815109949175717,
                    -0.4794935878094194,
                    -0.39915719218447976,
                    -2.5752599998910872
                ],
                [
                    -0.0,
                    0.639786264366935,
                    -0.7685528842749875,
                    -4.958506421599325
                ],
                [
                    0.6238914687851943,
                    0.6006325292365148,
                    0.5,
                    3.225871975145159
                ],
                [
                    0.0,
                    0.0,
                    0.0,
                    1.0
                ]
            ]
        },
        {
            "file_path": "./train/r_121_009",
            "rotation": 0.0,
            "time": 0.0,
            "transform_matrix": [
                [
                    0.3922100655639896,
                    0.3265392288022335,
                    -0.8599670903723778,
                    -5.548287472758756
                ],
                [
                    -0.0,
                    0.9348731683859463,
                    0.35498191366888254,
                    2.290252413975693
                ],
                [
                    0.9198756788122463,
                    -0.1392274796341029,
                    0.3666666666666667,
                    2.3656394484397834
                ],
                [
                    0.0,
                    0.0,
                    0.0,
                    1.0
                ]
            ]
        },
        {
            "file_path": "./train/r_121_010",
            "rotation": 0.0,
            "time": 0.0,
            "transform_matrix": [
                [
                    0.595870225436679,
                    0.6938741495375956,
                    0.4043233100397747,
                    2.6085904695104727
                ],
                [
                    0.0,
                    0.5034653305258663,
                    -0.8640154286576602,
                    -5.574406314799555
                ],
                [
                    -0.8030807396756825,
                    0.5148410682550089,
                    0.30000000000000004,
                    1.9355231850870958
                ],
                [
                    0.0,
                    0.0,
                    0.0,
                    1.0
                ]
            ]
        },
        {
            "file_path": "./train/r_121_011",
            "rotation": 0.0,
            "time": 0.0,
            "transform_matrix": [
                [
                    0.6255368595661531,
                    -0.7238849632140669,
                    0.29102267498716317,
                    1.877603782745735
                ],
                [
                    0.0,
                    0.3730129244424762,
                    0.9278261465376322,
                    5.986096727845346
                ],
                [
                    -0.7801946150314772,
                    -0.5803894539285158,
                    0.23333333333333328,
                    1.505406921734407
                ],
                [
                    0.0,
                    0.0,
                    0.0,
                    1.0
                ]
            ]
        },
        {
            "file_path": "./train/r_121_012",
            "rotation": 0.0,
            "time": 0.0,
            "transform_matrix": [
                [
                    0.1917389022597855,
                    -0.48522153156731107,
                    -0.8531097576887076,
                    -5.504045718101758
                ],
                [
                    -0.0,
                    0.869237617939688,
                    -0.4943945424036727,
                    -3.1897069980094455
                ],
                [
                    0.9814459706780665,
                    0.09479466684370917,
                    0.16666666666666663,
                    1.0752906583817194
                ],
                [
                    0.0,
                    0.0,
                    0.0,
                    1.0
                ]
            ]
        },
        {
            "file_path": "./train/r_121_014",
            "rotation": 0.0,
            "time": 0.0,
            "transform_matrix": [
                [
                    0.05789293293162695,
                    0.8162365310162089,
                    -0.5748098239863335,
                    -3.708525804471269
                ],
                [
                    -0.0,
                    0.5757755160323429,
                    0.8176078247776799,
                    5.274996337219422
                ],
                [
                    0.998322797654433,
                    -0.04733371496422762,
                    0.03333333333333333,
                    0.21505813167634388
                ],
                [
                    0.0,
                    0.0,
                    0.0,
                    1.0
                ]
            ]
        },
        {
            "file_path": "./train/r_121_015",
            "rotation": 0.0,
            "time": 0.0,
            "transform_matrix": [
                [
                    -0.2512040914890569,
                    -0.9593747219015348,
                    -0.1284392751284052,
                    -0.8286573162893619
                ],
                [
                    0.0,
                    0.132694229364435,
                    -0.9911570216133156,
                    -6.394691317981479
                ],
                [
                    0.9679341426043186,
                    -0.2489826991373725,
                    -0.03333333333333344,
                    -0.2150581316763446
                ],
                [
                    0.0,
                    0.0,
                    0.0,
                    1.0
                ]
            ]
        },
        {
            "file_path": "./train/r_121_016",
            "rotation": 0.0,
            "time": 0.0,
            "transform_matrix": [
                [
                    -0.13031694894643478,
                    -0.635748603952754,
                    0.7608161442749599,
                    4.908590956109179
                ],
                [
                    0.0,
                    0.7673598930028965,
                    0.64121665185067,
                    4.136965654402974
                ],
                [
                    -0.9914723863110321,
                    0.08356139768282761,
                    -0.1000000000000001,
                    -0.6451743950290325
                ],
                [
                    0.0,
                    0.0,
                    0.0,
                    1.0
                ]
            ]
        },
        {
            "file_path": "./train/r_121_017",
            "rotation": 0.0,
            "time": 0.0,
            "transform_matrix": [
                [
                    -0.1668051508743482,
                    0.04016915475107622,
                    -0.9851712950793736,
                    -6.356072943028026
                ],
                [
                    0.0,
                    0.9991697845842558,
                    0.040739926041319326,
                    0.2628435713723569
                ],
                [
                    0.985989879076751,
                    0.006795629509932057,
                    -0.16666666666666677,
                    -1.07529065838172
                ],
                [
                    0.0,
                    0.0,
                    0.0,
                    1.0
                ]
            ]
        },
        {
            "file_path": "./train/r_121_018",
            "rotation": 0.0,
            "time": 0.0,
            "transform_matrix": [
                [
                    -0.32065062416581464,
                    0.6496915101858558,
                    0.6892634611050376,
                    4.446951365340591
                ],
                [
                    0.0,
                    0.727687132811169,
                    -0.685909204444043,
                    -4.425310560220299
                ],
                [
                    -0.9471975386486566,
                    -0.21993721452605974,
                    -0.23333333333333342,
                    -1.505406921734408
                ],
                [
                    0.0,
                    0.0,
                    0.0,
                    1.0
                ]
            ]
        },
        {
            "file_path": "./train/r_121_019",
            "rotation": 0.0,
            "time": 0.0,
            "transform_matrix": [
                [
                    -0.9893846679653544,
                    0.1384787261208361,
                    -0.04406383105264419,
                    -0.2842885554205118
                ],
                [
                    0.0,
                    0.303218767900399,
                    0.9529209719556831,
                    6.148002115919848
                ],
                [
                    0.1453202628510061,
                    0.9428053994355964,
                    -0.3000000000000001,
                    -1.9355231850870958
                ],
                [
                    0.0,
                    0.0,
                    0.0,
                    1.0
                ]
            ]
        },
        {
            "file_path": "./train/r_121_020",
            "rotation": 0.0,
            "time": 0.0,
            "transform_matrix": [
                [
                    -0.52393672496478,
                    -0.6084181521097873,
                    -0.596085279483139,
                    -3.8457895957624566
                ],
                [
                    0.0,
                    0.6998300542709897,
                    -0.7143093833480444,
                    -4.608541242651354
                ],
                [
                    0.8517571885421222,
                    -0.37425291892298596,
                    -0.36666666666666664,
                    -2.3656394484397834
                ],
                [
                    0.0,
                    0.0,
                    0.0,
                    1.0
                ]
            ]
        },
        {
            "file_path": "./train/r_121_021",
            "rotation": 0.0,
            "time": 0.0,
            "transform_matrix": [
                [
                    -0.43649684200354966,
                    -0.10812376459741117,
                    0.8931851759015101,
                    5.762602055111563
                ],
                [
                    0.0,
                    0.9927525050222685,
                    0.12017680213756057,
                    0.7753499561562431
                ],
                [
                    -0.8997057890893713,
                    0.05245679461513063,
                    -0.4333333333333333,
                    -2.7957557117924714
                ],
                [
                    0.0,
                    0.0,
                    0.0,
                    1.0
                ]
            ]
        },
        {
            "file_path": "./train/r_121_022",
            "rotation": 0.0,
            "time": 0.0,
            "transform_matrix": [
                [
                    -0.5752996031376844,
                    0.40456650825893015,
                    -0.7108841727207041,
                    -4.58644266070794
                ],
                [
                    0.0,
                    0.8691123673178285,
                    0.4946146914267712,
                    3.191127343137383
                ],
                [
                    0.8179427648861641,
                    0.2845516356838897,
                    -0.5000000000000001,
                    -3.225871975145159
                ],
                [
                    0.0,
                    0.0,
                    0.0,
                    1.0
                ]
            ]
        },
        {
            "file_path": "./train/r_121_023",
            "rotation": 0.0,
            "time": 0.0,
            "transform_matrix": [
                [
                    -0.9526640890465591,
                    0.24439240860030342,
                    0.18084104639055848,
                    1.1667401270144564
                ],
                [
                    0.0,
                    0.5948231629406704,
                    -0.8038565822516208,
                    -5.186276841442946
                ],
                [
                    -0.304024889509214,
                    -0.7658052986548207,
                    -0.5666666666666667,
                    -3.6559882384978466
                ],
                [
                    0.0,
                    0.0,
                    0.0,
                    1.0
                ]
            ]
        },
        {
            "file_path": "./train/r_121_024",
            "rotation": 0.0,
            "time": 0.0,
            "transform_matrix": [
                [
                    -0.854647351263221,
                    -0.34862482092810393,
                    0.3847578968801136,
                    2.482359433522699
                ],
                [
                    0.0,
                    0.7410463887792176,
                    0.6714538328710923,
                    4.332048204125316
                ],
                [
                    -0.5192089222834684,
                    0.5738562397588165,
                    -0.6333333333333333,
                    -4.086104501850534
                ],
                [
                    0.0,
                    0.0,
                    0.0,
                    1.0
                ]
            ]
        },
        {
            "file_path": "./train/r_121_025",
            "rotation": 0.0,
            "time": 0.0,
            "transform_matrix": [
                [
                    -0.7170956884699248,
                    -0.15128044962666323,
                    -0.6803587282739887,
                    -4.389500309168921
                ],
                [
                    0.0,
                    0.9761598225386041,
                    -0.21705299090637042,
                    -1.4003703209725948
                ],
                [
                    0.696974729511655,
                    -0.15564776394846003,
                    -0.7,
                    -4.516220765203222
                ],
                [
                    0.0,
                    0.0,
                    0.0,
                    1.0
                ]
            ]
        },
        {
            "file_path": "./train/r_121_026",
            "rotation": 0.0,
            "time": 0.0,
            "transform_matrix": [
                [
                    -0.7960739448992221,
                    0.16297309752694764,
                    0.5828430695608058,
                    3.7603542480075673
                ],
                [
                    0.0,
                    0.9630596147242598,
                    -0.2692882813773376,
                    -1.7373790402603149
                ],
                [
                    -0.6051993673597075,
                    -0.2143733844711889,
                    -0.7666666666666666,
                    -4.94633702855591
                ],
                [
                    0.0,
                    0.0,
                    0.0,
                    1.0
                ]
            ]
        },
        {
            "file_path": "./train/r_121_027",
            "rotation": 0.0,
            "time": 0.0,
            "transform_matrix": [
                [
                    -0.9687398730160593,
                    0.12649937991901755,
                    -0.21340329263845279,
                    -1.3768234022521721
                ],
                [
                    0.0,
                    0.8602240462538683,
                    0.5099162580724629,
                    3.289849133173689
                ],
                [
                    0.24807873433414052,
                    0.49397621109394185,
                    -0.8333333333333331,
                    -5.376453291908597
                ],
                [
                    0.0,
                    0.0,
                    0.0,
                    1.0
                ]
            ]
        },
        {
            "file_path": "./train/r_121_028",
            "rotation": 0.0,
            "time": 0.0,
            "transform_matrix": [
                [
                    -0.9868299502807368,
                    -0.06634877231266939,
                    -0.14752792834416179,
                    -0.9518124191933093
                ],
                [
                    0.0,
                    0.9120112332869152,
                    -0.4101652232436095,
                    -2.646280997681435
                ],
                [
                    0.1617610868809881,
                    -0.40476332686037847,
                    -0.8999999999999999,
                    -5.8065695552612855
                ],
                [
                    0.0,
                    0.0,
                    0.0,
                    1.0
                ]
            ]
        },
        {
            "file_path": "./train/r_121_029",
            "rotation": 0.0,
            "time": 0.0,
            "transform_matrix": [
                [
                    -0.9735984506040761,
                    -0.027190505244061143,
                    0.22664230277226485,
                    1.4622381057908262
                ],
                [
                    0.0,
                    0.9928802434585751,
                    0.11911684242642107,
                    0.7685113675023472
                ],
                [
                    -0.22826751188319,
                    0.11597197322721343,
                    -0.9666666666666666,
                    -6.2366858186139735
                ],
                [
                    0.0,
                    0.0,
                    0.0,
                    1.0
                ]
            ]
        },
        {
            "file_path": "./train/r_122_000",
            "rotation": 0.0,
            "time": 0.052631578947368224,
            "transform_matrix": [
                [
                    0.9666666666666667,
                    0.0,
                    0.25603819159562036,
                    1.651892853670317
                ],
                [
                    0.0,
                    1.0,
                    -0.0,
                    0.0
                ],
                [
                    -0.25603819159562036,
                    0.0,
                    0.9666666666666667,
                    6.236685818613974
                ],
                [
                    0.0,
                    0.0,
                    0.0,
                    1.0
                ]
            ]
        },
        {
            "file_path": "./train/r_122_001",
            "rotation": 0.0,
            "time": 0.052631578947368224,
            "transform_matrix": [
                [
                    0.9417475223397208,
                    0.09902605878699783,
                    -0.32141164236553593,
                    -2.073665619184722
                ],
                [
                    -0.0,
                    0.9556701543148196,
                    0.29443939300285343,
                    1.899647572533313
                ],
                [
                    0.3363206864987599,
                    -0.27728756883964856,
                    0.9,
                    5.806569555261286
                ],
                [
                    0.0,
                    0.0,
                    0.0,
                    1.0
                ]
            ]
        },
        {
            "file_path": "./train/r_122_002",
            "rotation": 0.0,
            "time": 0.052631578947368224,
            "transform_matrix": [
                [
                    0.9983227127805472,
                    0.03187979615701485,
                    0.04832638765184265,
                    0.31178947917216054
                ],
                [
                    0.0,
                    0.8347334210320805,
                    -0.5506542615944049,
                    -3.552680300943284
                ],
                [
                    -0.057894396503366266,
                    0.5497306562390953,
                    0.8333333333333334,
                    5.376453291908598
                ],
                [
                    0.0,
                    0.0,
                    0.0,
                    1.0
                ]
            ]
        },
        {
            "file_path": "./train/r_122_003",
            "rotation": 0.0,
            "time": 0.052631578947368224,
            "transform_matrix": [
                [
                    0.8910022183463091,
                    -0.231325025717751,
                    0.39064533707525245,
                    2.520343690184382
                ],
                [
                    0.0,
                    0.8604542737161661,
                    0.5095276664162454,
                    3.287342039306554
                ],
                [
                    -0.4539989503313369,
                    -0.4539902810856928,
                    0.7666666666666666,
                    4.94633702855591
                ],
                [
                    0.0,
                    0.0,
                    0.0,
                    1.0
                ]
            ]
        },
        {
            "file_path": "./train/r_122_004",
            "rotation": 0.0,
            "time": 0.052631578947368224,
            "transform_matrix": [
                [
                    0.7054792424564285,
                    -0.08815955932542821,
                    -0.7032260878001115,
                    -4.537034657650697
                ],
                [
                    -0.0,
                    0.9922333045018445,
                    -0.12439079321778565,
                    -0.8025375476146623
                ],
                [
                    0.7087305824240292,
                    0.08775512256783766,
                    0.7000000000000001,
                    4.516220765203222
                ],
                [
                    0.0,
                    0.0,
                    0.0,
                    1.0
                ]
            ]
        },
        {
            "file_path": "./train/r_122_005",
            "rotation": 0.0,
            "time": 0.052631578947368224,
            "transform_matrix": [
                [
                    0.6962339525804131,
                    0.29815350125847256,
                    0.652964603145966,
                    4.2127604281007045
                ],
                [
                    0.0,
                    0.9096559152078767,
                    -0.4153626318379159,
                    -2.6798133471369385
                ],
                [
                    -0.7178149366475003,
                    0.2891895669187151,
                    0.6333333333333333,
                    4.086104501850534
                ],
                [
                    0.0,
                    0.0,
                    0.0,
                    1.0
                ]
            ]
        },
        {
            "file_path": "./train/r_122_006",
            "rotation": 0.0,
            "time": 0.052631578947368224,
            "transform_matrix": [
                [
                    0.9355669496347184,
                    0.2810003144634088,
                    -0.21390022445676304,
                    -1.380029479104662
                ],
                [
                    -0.0,
                    0.605693335883568,
                    0.795698173220371,
                    5.133640875331585
                ],
                [
                    0.35314937739034485,
                    -0.7444289127497002,
                    0.5666666666666667,
                    3.6559882384978466
                ],
                [
                    0.0,
                    0.0,
                    0.0,
                    1.0
                ]
            ]
        },
        {
            "file_path": "./train/r_122_007",
            "rotation": 0.0,
            "time": 0.052631578947368224,
            "transform_matrix": [
                [
                    0.7815109949175717,
                    -0.4794935878094194,
                    -0.39915719218447976,
                    -2.5752599998910872
                ],
                [
                    -0.0,
                    0.639786264366935,
                    -0.7685528842749875,
                    -4.958506421599325
                ],
                [
                    0.6238914687851943,
                    0.6006325292365148,
                    0.5,
                    3.225871975145159
                ],
                [
                    0.0,
                    0.0,
                    0.0,
                    1.0
                ]
            ]
        },
        {
            "file_path": "./train/r_122_008",
            "rotation": 0.0,
            "time": 0.052631578947368224,
            "transform_matrix": [
                [
                    0.45565558368820797,
                    -0.27519888224336725,
                    0.8465480283278438,
                    5.461711120394363
                ],
                [
                    0.0,
                    0.9510106950205858,
                    0.3091579821975529,
                    1.994608141327024
                ],
                [
                    -0.8901561599257506,
                    -0.14086956083009458,
                    0.43333333333333335,
                    2.7957557117924714
                ],
                [
                    0.0,
                    0.0,
                    0.0,
                    1.0
                ]
            ]
        },
        {
            "file_path": "./train/r_122_009",
            "rotation": 0.0,
            "time": 0.052631578947368224,
            "transform_matrix": [
                [
                    0.3922100655639896,
                    0.3265392288022335,
                    -0.8599670903723778,
                    -5.548287472758756
                ],
                [
                    -0.0,
                    0.9348731683859463,
                    0.35498191366888254,
                    2.290252413975693
                ],
                [
                    0.9198756788122463,
                    -0.1392274796341029,
                    0.3666666666666667,
                    2.3656394484397834
                ],
                [
                    0.0,
                    0.0,
                    0.0,
                    1.0
                ]
            ]
        },
        {
            "file_path": "./train/r_122_010",
            "rotation": 0.0,
            "time": 0.052631578947368224,
            "transform_matrix": [
                [
                    0.595870225436679,
                    0.6938741495375956,
                    0.4043233100397747,
                    2.6085904695104727
                ],
                [
                    0.0,
                    0.5034653305258663,
                    -0.8640154286576602,
                    -5.574406314799555
                ],
                [
                    -0.8030807396756825,
                    0.5148410682550089,
                    0.30000000000000004,
                    1.9355231850870958
                ],
                [
                    0.0,
                    0.0,
                    0.0,
                    1.0
                ]
            ]
        },
        {
            "file_path": "./train/r_122_011",
            "rotation": 0.0,
            "time": 0.052631578947368224,
            "transform_matrix": [
                [
                    0.6255368595661531,
                    -0.7238849632140669,
                    0.29102267498716317,
                    1.877603782745735
                ],
                [
                    0.0,
                    0.3730129244424762,
                    0.9278261465376322,
                    5.986096727845346
                ],
                [
                    -0.7801946150314772,
                    -0.5803894539285158,
                    0.23333333333333328,
                    1.505406921734407
                ],
                [
                    0.0,
                    0.0,
                    0.0,
                    1.0
                ]
            ]
        },
        {
            "file_path": "./train/r_122_012",
            "rotation": 0.0,
            "time": 0.052631578947368224,
            "transform_matrix": [
                [
                    0.1917389022597855,
                    -0.48522153156731107,
                    -0.8531097576887076,
                    -5.504045718101758
                ],
                [
                    -0.0,
                    0.869237617939688,
                    -0.4943945424036727,
                    -3.1897069980094455
                ],
                [
                    0.9814459706780665,
                    0.09479466684370917,
                    0.16666666666666663,
                    1.0752906583817194
                ],
                [
                    0.0,
                    0.0,
                    0.0,
                    1.0
                ]
            ]
        },
        {
            "file_path": "./train/r_122_013",
            "rotation": 0.0,
            "time": 0.052631578947368224,
            "transform_matrix": [
                [
                    0.1023633892246286,
                    0.2125208823202391,
                    0.9717801248864243,
                    6.269676541748357
                ],
                [
                    0.0,
                    0.9769117724361164,
                    -0.2136431343987579,
                    -1.3783707998782475
                ],
                [
                    -0.9947470716450726,
                    0.021869235321629696,
                    0.09999999999999999,
                    0.6451743950290316
                ],
                [
                    0.0,
                    0.0,
                    0.0,
                    1.0
                ]
            ]
        },
        {
            "file_path": "./train/r_122_014",
            "rotation": 0.0,
            "time": 0.052631578947368224,
            "transform_matrix": [
                [
                    0.05789293293162695,
                    0.8162365310162089,
                    -0.5748098239863335,
                    -3.708525804471269
                ],
                [
                    -0.0,
                    0.5757755160323429,
                    0.8176078247776799,
                    5.274996337219422
                ],
                [
                    0.998322797654433,
                    -0.04733371496422762,
                    0.03333333333333333,
                    0.21505813167634388
                ],
                [
                    0.0,
                    0.0,
                    0.0,
                    1.0
                ]
            ]
        },
        {
            "file_path": "./train/r_122_015",
            "rotation": 0.0,
            "time": 0.052631578947368224,
            "transform_matrix": [
                [
                    -0.2512040914890569,
                    -0.9593747219015348,
                    -0.1284392751284052,
                    -0.8286573162893619
                ],
                [
                    0.0,
                    0.132694229364435,
                    -0.9911570216133156,
                    -6.394691317981479
                ],
                [
                    0.9679341426043186,
                    -0.2489826991373725,
                    -0.03333333333333344,
                    -0.2150581316763446
                ],
                [
                    0.0,
                    0.0,
                    0.0,
                    1.0
                ]
            ]
        },
        {
            "file_path": "./train/r_122_016",
            "rotation": 0.0,
            "time": 0.052631578947368224,
            "transform_matrix": [
                [
                    -0.13031694894643478,
                    -0.635748603952754,
                    0.7608161442749599,
                    4.908590956109179
                ],
                [
                    0.0,
                    0.7673598930028965,
                    0.64121665185067,
                    4.136965654402974
                ],
                [
                    -0.9914723863110321,
                    0.08356139768282761,
                    -0.1000000000000001,
                    -0.6451743950290325
                ],
                [
                    0.0,
                    0.0,
                    0.0,
                    1.0
                ]
            ]
        },
        {
            "file_path": "./train/r_122_017",
            "rotation": 0.0,
            "time": 0.052631578947368224,
            "transform_matrix": [
                [
